[loci]=127

[populations]=18

[pop]=1
 1	60	2	38 22 
 2	62	2	48 14 
 3	60	2	44 16 
 4	62	2	34 28 
 5	62	2	2 60 
 6	62	1	62 
 7	52	2	23 29 
 8	60	2	48 12 
 9	62	2	62 0 
 10	62	2	21 41 
 11	60	2	60 0 
 12	62	2	0 62 
 13	60	2	51 9 
 14	62	2	0 62 
 15	62	2	10 52 
 16	62	2	29 33 
 17	62	2	0 62 
 18	62	2	5 57 
 19	62	2	37 25 
 20	62	2	62 0 
 21	62	2	62 0 
 22	62	2	9 53 
 23	62	2	41 21 
 24	62	2	62 0 
 25	62	2	52 10 
 26	62	2	31 31 
 27	62	2	37 25 
 28	62	2	53 9 
 29	62	2	41 21 
 30	62	2	13 49 
 31	62	2	0 62 
 32	62	2	29 33 
 33	62	2	4 58 
 34	62	2	40 22 
 35	60	2	60 0 
 36	62	2	18 44 
 37	62	2	21 41 
 38	62	2	3 59 
 39	62	2	13 49 
 40	62	2	60 2 
 41	62	2	62 0 
 42	62	2	15 47 
 43	62	2	20 42 
 44	62	2	42 20 
 45	62	2	62 0 
 46	62	2	16 46 
 47	62	2	51 11 
 48	62	2	52 10 
 49	62	2	0 62 
 50	60	2	4 56 
 51	60	2	25 35 
 52	62	2	55 7 
 53	60	2	60 0 
 54	62	2	37 25 
 55	62	2	57 5 
 56	62	2	34 28 
 57	62	2	32 30 
 58	62	2	2 60 
 59	62	2	33 29 
 60	62	2	61 1 
 61	62	2	62 0 
 62	62	2	46 16 
 63	62	2	34 28 
 64	62	2	62 0 
 65	62	2	18 44 
 66	62	2	25 37 
 67	60	2	60 0 
 68	62	2	59 3 
 69	62	2	62 0 
 70	62	2	20 42 
 71	62	2	10 52 
 72	62	2	14 48 
 73	62	2	60 2 
 74	62	2	0 62 
 75	62	2	8 54 
 76	62	2	62 0 
 77	62	2	62 0 
 78	60	2	0 60 
 79	62	2	1 61 
 80	62	2	29 33 
 81	60	2	60 0 
 82	62	2	26 36 
 83	62	2	7 55 
 84	62	2	1 61 
 85	62	2	11 51 
 86	62	2	0 62 
 87	62	2	62 0 
 88	62	2	62 0 
 89	62	2	62 0 
 90	62	2	61 1 
 91	62	2	29 33 
 92	62	2	62 0 
 93	62	2	0 62 
 94	58	2	6 52 
 95	62	2	59 3 
 96	62	2	53 9 
 97	62	2	0 62 
 98	60	2	13 47 
 99	62	2	25 37 
 100	62	2	49 13 
 101	62	2	20 42 
 102	62	2	0 62 
 103	62	2	2 60 
 104	62	2	0 62 
 105	62	2	15 47 
 106	62	2	2 60 
 107	62	2	62 0 
 108	62	2	23 39 
 109	62	2	1 61 
 110	62	2	60 2 
 111	62	2	62 0 
 112	62	2	18 44 
 113	62	2	62 0 
 114	62	2	14 48 
 115	62	2	36 26 
 116	62	2	32 30 
 117	62	1	62 
 118	60	2	25 35 
 119	62	2	61 1 
 120	62	1	62 
 121	62	2	4 58 
 122	58	2	9 49 
 123	62	2	57 5 
 124	52	1	52 
 125	62	2	4 58 
 126	62	2	36 26 
 127	62	1	62 

[pop]=2
 1	54	2	20 34 
 2	56	2	51 5 
 3	60	2	37 23 
 4	60	2	29 31 
 5	60	2	0 60 
 6	60	1	60 
 7	60	2	30 30 
 8	58	2	31 27 
 9	60	2	60 0 
 10	58	2	14 44 
 11	60	2	60 0 
 12	60	2	9 51 
 13	60	2	38 22 
 14	60	2	0 60 
 15	60	2	38 22 
 16	60	2	36 24 
 17	60	2	0 60 
 18	58	2	0 58 
 19	60	2	29 31 
 20	60	2	37 23 
 21	60	2	60 0 
 22	60	2	30 30 
 23	60	2	28 32 
 24	58	2	40 18 
 25	60	2	44 16 
 26	58	2	33 25 
 27	58	2	18 40 
 28	60	2	60 0 
 29	60	2	32 28 
 30	60	2	2 58 
 31	60	2	1 59 
 32	60	2	18 42 
 33	60	2	26 34 
 34	60	2	54 6 
 35	60	2	60 0 
 36	60	2	13 47 
 37	60	2	10 50 
 38	60	2	30 30 
 39	60	2	33 27 
 40	60	2	50 10 
 41	56	2	56 0 
 42	60	2	37 23 
 43	60	2	29 31 
 44	60	2	37 23 
 45	58	2	58 0 
 46	58	2	20 38 
 47	60	2	34 26 
 48	60	2	48 12 
 49	60	2	9 51 
 50	60	2	0 60 
 51	60	2	58 2 
 52	60	2	56 4 
 53	60	2	60 0 
 54	60	2	18 42 
 55	60	2	56 4 
 56	58	2	38 20 
 57	60	2	38 22 
 58	60	2	8 52 
 59	60	2	45 15 
 60	60	2	52 8 
 61	60	2	60 0 
 62	60	2	37 23 
 63	58	2	30 28 
 64	58	2	58 0 
 65	60	2	30 30 
 66	60	2	45 15 
 67	60	2	59 1 
 68	60	2	25 35 
 69	60	2	60 0 
 70	60	2	8 52 
 71	60	2	0 60 
 72	60	2	23 37 
 73	58	2	45 13 
 74	58	2	12 46 
 75	60	2	14 46 
 76	58	2	54 4 
 77	58	2	53 5 
 78	60	2	0 60 
 79	60	2	22 38 
 80	60	2	52 8 
 81	60	2	43 17 
 82	60	2	0 60 
 83	60	2	29 31 
 84	60	2	0 60 
 85	60	2	8 52 
 86	60	2	2 58 
 87	60	2	59 1 
 88	60	2	60 0 
 89	60	2	60 0 
 90	60	2	60 0 
 91	60	2	8 52 
 92	60	2	32 28 
 93	60	2	16 44 
 94	60	2	0 60 
 95	60	2	60 0 
 96	60	2	46 14 
 97	60	2	27 33 
 98	60	2	4 56 
 99	60	2	52 8 
 100	60	2	60 0 
 101	58	2	0 58 
 102	60	2	0 60 
 103	60	2	17 43 
 104	60	2	0 60 
 105	60	2	22 38 
 106	60	2	0 60 
 107	60	2	60 0 
 108	60	2	27 33 
 109	58	2	0 58 
 110	60	2	60 0 
 111	58	2	55 3 
 112	58	2	10 48 
 113	60	2	60 0 
 114	60	2	40 20 
 115	60	2	39 21 
 116	60	2	17 43 
 117	60	1	60 
 118	60	2	0 60 
 119	60	2	60 0 
 120	54	1	54 
 121	58	2	29 29 
 122	60	2	12 48 
 123	60	2	51 9 
 124	60	1	60 
 125	60	2	22 38 
 126	60	2	20 40 
 127	60	1	60 

[pop]=3
 1	92	2	53 39 
 2	94	2	85 9 
 3	94	2	55 39 
 4	90	2	49 41 
 5	94	2	0 94 
 6	94	1	94 
 7	94	2	47 47 
 8	94	2	37 57 
 9	92	2	92 0 
 10	94	2	14 80 
 11	90	2	90 0 
 12	94	2	14 80 
 13	94	2	58 36 
 14	94	2	0 94 
 15	94	2	70 24 
 16	94	2	38 56 
 17	94	2	0 94 
 18	94	2	5 89 
 19	94	2	61 33 
 20	90	2	63 27 
 21	94	2	94 0 
 22	94	2	55 39 
 23	94	2	48 46 
 24	94	2	52 42 
 25	94	2	70 24 
 26	92	2	48 44 
 27	94	2	21 73 
 28	94	2	94 0 
 29	90	2	45 45 
 30	94	2	8 86 
 31	94	2	0 94 
 32	94	2	24 70 
 33	94	2	31 63 
 34	94	2	71 23 
 35	94	2	94 0 
 36	94	2	14 80 
 37	94	2	11 83 
 38	92	2	48 44 
 39	88	2	55 33 
 40	94	2	93 1 
 41	94	2	94 0 
 42	94	2	57 37 
 43	94	2	43 51 
 44	90	2	53 37 
 45	94	2	94 0 
 46	94	2	38 56 
 47	94	2	37 57 
 48	92	2	87 5 
 49	94	2	8 86 
 50	92	2	0 92 
 51	94	2	87 7 
 52	94	2	91 3 
 53	94	2	94 0 
 54	92	2	21 71 
 55	94	2	89 5 
 56	90	2	60 30 
 57	94	2	60 34 
 58	94	2	10 84 
 59	94	2	76 18 
 60	94	2	81 13 
 61	94	2	94 0 
 62	92	2	60 32 
 63	94	2	51 43 
 64	92	2	91 1 
 65	94	2	47 47 
 66	94	2	42 52 
 67	94	2	93 1 
 68	94	2	42 52 
 69	92	2	92 0 
 70	94	2	19 75 
 71	94	2	0 94 
 72	94	2	30 64 
 73	94	2	89 5 
 74	94	2	21 73 
 75	92	2	34 58 
 76	94	2	90 4 
 77	94	2	78 16 
 78	92	2	0 92 
 79	94	2	15 79 
 80	94	2	81 13 
 81	94	2	67 27 
 82	94	2	0 94 
 83	94	2	37 57 
 84	92	2	1 91 
 85	94	2	16 78 
 86	94	2	5 89 
 87	94	2	92 2 
 88	90	2	90 0 
 89	94	2	94 0 
 90	94	2	94 0 
 91	94	2	37 57 
 92	92	2	45 47 
 93	94	2	23 71 
 94	94	2	0 94 
 95	94	2	94 0 
 96	92	2	58 34 
 97	94	2	44 50 
 98	94	2	7 87 
 99	94	2	72 22 
 100	92	2	92 0 
 101	94	2	0 94 
 102	94	2	0 94 
 103	92	2	24 68 
 104	94	2	0 94 
 105	94	2	40 54 
 106	94	2	1 93 
 107	94	2	94 0 
 108	94	2	33 61 
 109	94	2	0 94 
 110	94	2	94 0 
 111	94	2	92 2 
 112	94	2	19 75 
 113	94	2	94 0 
 114	94	2	53 41 
 115	94	2	50 44 
 116	94	2	39 55 
 117	94	1	94 
 118	94	2	0 94 
 119	94	2	94 0 
 120	92	1	92 
 121	94	2	49 45 
 122	92	2	17 75 
 123	92	2	90 2 
 124	90	1	90 
 125	94	2	36 58 
 126	94	2	19 75 
 127	94	1	94 

[pop]=4
 1	16	2	1 15 
 2	16	2	15 1 
 3	16	2	14 2 
 4	16	2	9 7 
 5	16	2	0 16 
 6	16	1	16 
 7	16	2	8 8 
 8	16	2	5 11 
 9	16	2	16 0 
 10	16	2	0 16 
 11	16	2	16 0 
 12	16	2	5 11 
 13	16	2	6 10 
 14	16	2	0 16 
 15	16	2	8 8 
 16	16	2	4 12 
 17	16	2	0 16 
 18	16	2	3 13 
 19	16	2	10 6 
 20	16	2	16 0 
 21	16	2	16 0 
 22	16	2	6 10 
 23	16	2	9 7 
 24	16	2	7 9 
 25	16	2	8 8 
 26	14	2	6 8 
 27	16	2	2 14 
 28	16	2	16 0 
 29	16	2	9 7 
 30	16	2	5 11 
 31	16	2	0 16 
 32	16	2	0 16 
 33	16	2	3 13 
 34	16	2	15 1 
 35	14	2	14 0 
 36	16	2	1 15 
 37	16	2	5 11 
 38	16	2	10 6 
 39	16	2	11 5 
 40	16	2	16 0 
 41	16	2	16 0 
 42	16	2	5 11 
 43	16	2	10 6 
 44	16	2	8 8 
 45	16	2	16 0 
 46	16	2	4 12 
 47	16	2	15 1 
 48	16	2	16 0 
 49	16	2	0 16 
 50	16	2	0 16 
 51	16	2	12 4 
 52	16	2	15 1 
 53	16	2	16 0 
 54	16	2	2 14 
 55	16	2	14 2 
 56	16	2	6 10 
 57	16	2	5 11 
 58	16	2	0 16 
 59	16	2	11 5 
 60	16	2	10 6 
 61	16	2	16 0 
 62	16	2	13 3 
 63	16	2	7 9 
 64	16	2	15 1 
 65	16	2	7 9 
 66	16	2	9 7 
 67	16	2	12 4 
 68	16	2	11 5 
 69	16	2	16 0 
 70	16	2	5 11 
 71	16	2	0 16 
 72	16	2	1 15 
 73	16	2	12 4 
 74	16	2	4 12 
 75	16	2	10 6 
 76	16	2	12 4 
 77	16	2	15 1 
 78	16	2	0 16 
 79	16	2	4 12 
 80	16	2	15 1 
 81	16	2	7 9 
 82	16	2	0 16 
 83	16	2	1 15 
 84	16	2	0 16 
 85	16	2	4 12 
 86	16	2	5 11 
 87	16	2	16 0 
 88	16	2	16 0 
 89	16	2	16 0 
 90	16	2	16 0 
 91	16	2	11 5 
 92	16	2	4 12 
 93	16	2	0 16 
 94	16	2	0 16 
 95	16	2	16 0 
 96	16	2	13 3 
 97	16	2	3 13 
 98	16	2	0 16 
 99	16	2	14 2 
 100	16	2	16 0 
 101	16	2	0 16 
 102	16	2	0 16 
 103	16	2	5 11 
 104	16	2	0 16 
 105	16	2	14 2 
 106	16	2	0 16 
 107	16	2	16 0 
 108	16	2	6 10 
 109	16	2	0 16 
 110	16	2	16 0 
 111	16	2	16 0 
 112	16	2	5 11 
 113	16	2	16 0 
 114	16	2	8 8 
 115	16	2	8 8 
 116	16	2	5 11 
 117	16	1	16 
 118	16	2	0 16 
 119	16	2	14 2 
 120	16	1	16 
 121	16	2	8 8 
 122	16	2	4 12 
 123	16	2	16 0 
 124	14	1	14 
 125	16	2	7 9 
 126	16	2	4 12 
 127	16	1	16 

[pop]=5
 1	70	2	47 23 
 2	66	2	54 12 
 3	70	2	32 38 
 4	70	2	17 53 
 5	70	2	0 70 
 6	70	1	70 
 7	70	2	35 35 
 8	70	2	29 41 
 9	70	2	70 0 
 10	70	2	26 44 
 11	68	2	68 0 
 12	70	2	22 48 
 13	70	2	33 37 
 14	70	2	0 70 
 15	70	2	35 35 
 16	70	2	48 22 
 17	70	2	0 70 
 18	70	2	1 69 
 19	70	2	16 54 
 20	70	2	65 5 
 21	70	2	70 0 
 22	70	2	64 6 
 23	70	2	58 12 
 24	66	2	42 24 
 25	70	2	53 17 
 26	70	2	50 20 
 27	68	2	23 45 
 28	70	2	66 4 
 29	64	2	45 19 
 30	70	2	0 70 
 31	70	2	0 70 
 32	70	2	23 47 
 33	70	2	30 40 
 34	70	2	48 22 
 35	70	2	70 0 
 36	70	2	0 70 
 37	68	2	20 48 
 38	70	2	59 11 
 39	70	2	16 54 
 40	70	2	63 7 
 41	70	2	70 0 
 42	70	2	52 18 
 43	70	2	25 45 
 44	70	2	64 6 
 45	70	2	70 0 
 46	68	2	14 54 
 47	70	2	64 6 
 48	70	2	56 14 
 49	70	2	24 46 
 50	70	2	0 70 
 51	70	2	53 17 
 52	70	2	70 0 
 53	70	2	70 0 
 54	70	2	24 46 
 55	70	2	50 20 
 56	68	2	53 15 
 57	70	2	64 6 
 58	70	2	18 52 
 59	70	2	61 9 
 60	70	2	60 10 
 61	70	2	70 0 
 62	70	2	51 19 
 63	70	2	10 60 
 64	70	2	70 0 
 65	70	2	6 64 
 66	68	2	27 41 
 67	70	2	54 16 
 68	68	2	42 26 
 69	70	2	70 0 
 70	70	2	18 52 
 71	70	2	26 44 
 72	68	2	9 59 
 73	70	2	56 14 
 74	70	2	4 66 
 75	70	2	40 30 
 76	70	2	51 19 
 77	70	2	61 9 
 78	70	2	1 69 
 79	70	2	16 54 
 80	70	2	37 33 
 81	70	2	55 15 
 82	70	2	28 42 
 83	70	2	13 57 
 84	70	2	3 67 
 85	70	2	30 40 
 86	70	2	4 66 
 87	70	2	69 1 
 88	70	2	70 0 
 89	70	2	70 0 
 90	70	2	70 0 
 91	70	2	27 43 
 92	70	2	52 18 
 93	70	2	8 62 
 94	70	2	0 70 
 95	68	2	49 19 
 96	68	2	46 22 
 97	70	2	18 52 
 98	70	2	1 69 
 99	70	2	47 23 
 100	70	2	70 0 
 101	70	2	0 70 
 102	70	2	0 70 
 103	70	2	7 63 
 104	68	2	0 68 
 105	70	2	48 22 
 106	70	2	0 70 
 107	70	2	70 0 
 108	70	2	35 35 
 109	70	2	0 70 
 110	70	2	70 0 
 111	70	2	70 0 
 112	70	2	5 65 
 113	68	2	68 0 
 114	68	2	27 41 
 115	70	2	47 23 
 116	70	2	23 47 
 117	70	1	70 
 118	70	2	0 70 
 119	68	2	68 0 
 120	70	1	70 
 121	70	2	15 55 
 122	68	2	46 22 
 123	70	2	70 0 
 124	70	1	70 
 125	70	2	13 57 
 126	70	2	11 59 
 127	70	1	70 

[pop]=6
 1	64	2	38 26 
 2	64	2	61 3 
 3	64	2	55 9 
 4	64	2	32 32 
 5	64	2	0 64 
 6	64	1	64 
 7	62	2	32 30 
 8	64	2	36 28 
 9	64	2	64 0 
 10	64	2	28 36 
 11	64	2	64 0 
 12	64	2	15 49 
 13	64	2	35 29 
 14	64	2	0 64 
 15	64	2	46 18 
 16	64	2	29 35 
 17	64	2	0 64 
 18	64	2	0 64 
 19	64	2	6 58 
 20	64	2	59 5 
 21	64	2	63 1 
 22	62	2	36 26 
 23	64	2	42 22 
 24	64	2	64 0 
 25	62	2	36 26 
 26	64	2	50 14 
 27	64	2	30 34 
 28	64	2	52 12 
 29	62	2	40 22 
 30	64	2	1 63 
 31	64	2	17 47 
 32	64	2	26 38 
 33	62	2	27 35 
 34	64	2	53 11 
 35	64	2	58 6 
 36	64	2	7 57 
 37	64	2	14 50 
 38	62	2	13 49 
 39	64	2	1 63 
 40	64	2	43 21 
 41	64	2	64 0 
 42	64	2	15 49 
 43	64	2	34 30 
 44	64	2	55 9 
 45	64	2	64 0 
 46	62	2	25 37 
 47	64	2	45 19 
 48	64	2	61 3 
 49	64	2	2 62 
 50	64	2	1 63 
 51	64	2	54 10 
 52	64	2	31 33 
 53	62	2	62 0 
 54	64	2	30 34 
 55	64	2	64 0 
 56	58	2	48 10 
 57	64	2	52 12 
 58	64	2	0 64 
 59	64	2	53 11 
 60	64	2	64 0 
 61	64	2	64 0 
 62	64	2	64 0 
 63	60	2	14 46 
 64	64	2	64 0 
 65	64	2	3 61 
 66	64	2	21 43 
 67	64	2	64 0 
 68	60	2	41 19 
 69	64	2	64 0 
 70	64	2	23 41 
 71	64	2	0 64 
 72	64	2	28 36 
 73	64	2	56 8 
 74	64	2	0 64 
 75	64	2	14 50 
 76	62	2	56 6 
 77	64	2	64 0 
 78	64	2	7 57 
 79	64	2	7 57 
 80	64	2	50 14 
 81	64	2	45 19 
 82	62	2	3 59 
 83	64	2	12 52 
 84	64	2	3 61 
 85	64	2	0 64 
 86	64	2	19 45 
 87	64	2	64 0 
 88	64	2	64 0 
 89	64	2	62 2 
 90	64	2	55 9 
 91	64	2	16 48 
 92	64	2	63 1 
 93	64	2	1 63 
 94	64	2	0 64 
 95	64	2	57 7 
 96	64	2	45 19 
 97	62	2	0 62 
 98	64	2	15 49 
 99	64	2	55 9 
 100	64	2	64 0 
 101	64	2	1 63 
 102	62	2	13 49 
 103	64	2	40 24 
 104	64	2	0 64 
 105	64	2	27 37 
 106	64	2	0 64 
 107	64	2	64 0 
 108	64	2	25 39 
 109	62	2	0 62 
 110	64	2	60 4 
 111	64	2	60 4 
 112	64	2	5 59 
 113	64	2	62 2 
 114	64	2	38 26 
 115	64	2	41 23 
 116	62	2	17 45 
 117	62	1	62 
 118	64	2	0 64 
 119	64	2	63 1 
 120	64	1	64 
 121	62	2	18 44 
 122	58	2	26 32 
 123	64	2	60 4 
 124	60	1	60 
 125	64	2	26 38 
 126	64	2	2 62 
 127	64	1	64 

[pop]=7
 1	68	2	37 31 
 2	68	2	48 20 
 3	66	2	66 0 
 4	68	2	63 5 
 5	68	2	13 55 
 6	68	1	68 
 7	68	2	41 27 
 8	68	2	27 41 
 9	66	2	66 0 
 10	68	2	17 51 
 11	68	2	68 0 
 12	68	2	0 68 
 13	68	2	68 0 
 14	68	2	0 68 
 15	68	2	28 40 
 16	68	2	48 20 
 17	68	2	1 67 
 18	66	2	25 41 
 19	68	2	10 58 
 20	68	2	68 0 
 21	68	2	68 0 
 22	66	2	55 11 
 23	68	2	68 0 
 24	68	2	68 0 
 25	68	2	33 35 
 26	68	2	22 46 
 27	68	2	48 20 
 28	68	2	34 34 
 29	64	2	9 55 
 30	68	2	0 68 
 31	66	2	1 65 
 32	68	2	12 56 
 33	68	2	4 64 
 34	66	2	27 39 
 35	68	2	68 0 
 36	68	2	10 58 
 37	68	2	43 25 
 38	68	2	7 61 
 39	66	2	5 61 
 40	68	2	66 2 
 41	68	2	68 0 
 42	68	2	46 22 
 43	68	2	14 54 
 44	68	2	48 20 
 45	68	2	68 0 
 46	68	2	11 57 
 47	68	2	60 8 
 48	68	2	52 16 
 49	68	2	0 68 
 50	68	2	0 68 
 51	66	2	52 14 
 52	68	2	47 21 
 53	68	2	68 0 
 54	66	2	46 20 
 55	68	2	68 0 
 56	68	2	68 0 
 57	68	2	51 17 
 58	68	2	0 68 
 59	68	2	33 35 
 60	68	2	63 5 
 61	68	2	68 0 
 62	68	2	67 1 
 63	68	2	28 40 
 64	68	2	64 4 
 65	68	2	5 63 
 66	68	2	34 34 
 67	68	2	68 0 
 68	66	2	19 47 
 69	68	2	60 8 
 70	68	2	1 67 
 71	68	2	11 57 
 72	68	2	18 50 
 73	66	2	28 38 
 74	68	2	0 68 
 75	68	2	0 68 
 76	68	2	49 19 
 77	68	2	67 1 
 78	66	2	12 54 
 79	68	2	12 56 
 80	66	2	65 1 
 81	68	2	45 23 
 82	68	2	0 68 
 83	68	2	25 43 
 84	68	2	4 64 
 85	68	2	0 68 
 86	68	2	6 62 
 87	68	2	68 0 
 88	68	2	68 0 
 89	68	2	61 7 
 90	68	2	50 18 
 91	68	2	30 38 
 92	68	2	54 14 
 93	68	2	3 65 
 94	68	2	0 68 
 95	68	2	63 5 
 96	68	2	18 50 
 97	66	2	16 50 
 98	68	2	54 14 
 99	68	2	25 43 
 100	64	2	62 2 
 101	68	2	0 68 
 102	68	2	4 64 
 103	68	2	1 67 
 104	68	2	0 68 
 105	68	2	30 38 
 106	68	2	0 68 
 107	68	2	68 0 
 108	68	2	33 35 
 109	68	2	0 68 
 110	68	2	54 14 
 111	68	2	56 12 
 112	58	2	0 58 
 113	66	2	66 0 
 114	68	2	16 52 
 115	68	2	47 21 
 116	68	2	11 57 
 117	66	1	66 
 118	66	2	2 64 
 119	68	2	61 7 
 120	68	1	68 
 121	68	2	19 49 
 122	68	2	18 50 
 123	68	2	33 35 
 124	56	1	56 
 125	68	2	3 65 
 126	68	2	11 57 
 127	68	1	68 

[pop]=8
 1	30	2	28 2 
 2	30	2	30 0 
 3	30	2	30 0 
 4	28	2	20 8 
 5	30	2	0 30 
 6	30	1	30 
 7	30	2	15 15 
 8	28	2	11 17 
 9	30	2	30 0 
 10	30	2	19 11 
 11	30	2	30 0 
 12	30	2	1 29 
 13	30	2	26 4 
 14	30	2	0 30 
 15	30	2	16 14 
 16	30	2	24 6 
 17	30	2	0 30 
 18	30	2	1 29 
 19	30	2	10 20 
 20	30	2	28 2 
 21	30	2	29 1 
 22	30	2	19 11 
 23	30	2	20 10 
 24	30	2	30 0 
 25	30	2	25 5 
 26	28	2	18 10 
 27	26	2	12 14 
 28	30	2	21 9 
 29	30	2	18 12 
 30	30	2	11 19 
 31	30	2	2 28 
 32	30	2	16 14 
 33	26	2	5 21 
 34	30	2	22 8 
 35	30	2	30 0 
 36	30	2	3 27 
 37	26	2	21 5 
 38	30	2	4 26 
 39	30	2	7 23 
 40	30	2	30 0 
 41	30	2	30 0 
 42	30	2	23 7 
 43	30	2	13 17 
 44	30	2	25 5 
 45	30	2	30 0 
 46	30	2	7 23 
 47	30	2	30 0 
 48	30	2	25 5 
 49	30	2	6 24 
 50	30	2	4 26 
 51	30	2	20 10 
 52	30	2	26 4 
 53	30	2	30 0 
 54	30	2	14 16 
 55	30	2	30 0 
 56	28	2	28 0 
 57	30	2	16 14 
 58	30	2	0 30 
 59	30	2	11 19 
 60	28	2	27 1 
 61	30	2	28 2 
 62	30	2	30 0 
 63	30	2	12 18 
 64	30	2	25 5 
 65	30	2	0 30 
 66	30	2	27 3 
 67	30	2	29 1 
 68	30	2	11 19 
 69	30	2	30 0 
 70	30	2	4 26 
 71	30	2	1 29 
 72	30	2	11 19 
 73	30	2	8 22 
 74	30	2	0 30 
 75	30	2	2 28 
 76	30	2	25 5 
 77	30	2	28 2 
 78	30	2	8 22 
 79	30	2	4 26 
 80	30	2	17 13 
 81	30	2	17 13 
 82	30	2	2 28 
 83	30	2	16 14 
 84	30	2	6 24 
 85	30	2	2 28 
 86	30	2	0 30 
 87	30	2	30 0 
 88	30	2	30 0 
 89	30	2	26 4 
 90	30	2	20 10 
 91	30	2	15 15 
 92	30	2	10 20 
 93	30	2	15 15 
 94	30	2	0 30 
 95	30	2	25 5 
 96	30	2	24 6 
 97	30	2	10 20 
 98	30	2	18 12 
 99	30	2	11 19 
 100	30	2	29 1 
 101	30	2	0 30 
 102	30	2	9 21 
 103	30	2	1 29 
 104	30	2	0 30 
 105	30	2	7 23 
 106	30	2	4 26 
 107	30	2	30 0 
 108	30	2	15 15 
 109	28	2	0 28 
 110	30	2	23 7 
 111	30	2	26 4 
 112	30	2	2 28 
 113	28	2	28 0 
 114	30	2	19 11 
 115	30	2	18 12 
 116	30	2	10 20 
 117	30	1	30 
 118	30	2	1 29 
 119	30	2	18 12 
 120	24	1	24 
 121	30	2	16 14 
 122	30	2	22 8 
 123	30	2	22 8 
 124	26	1	26 
 125	30	2	3 27 
 126	30	2	6 24 
 127	30	1	30 

[pop]=9
 1	50	2	21 29 
 2	50	2	50 0 
 3	50	2	50 0 
 4	50	2	45 5 
 5	50	2	0 50 
 6	50	1	50 
 7	50	2	27 23 
 8	50	2	45 5 
 9	50	2	50 0 
 10	48	2	16 32 
 11	50	2	50 0 
 12	48	2	12 36 
 13	50	2	49 1 
 14	48	2	0 48 
 15	48	2	40 8 
 16	50	2	32 18 
 17	50	2	0 50 
 18	46	2	19 27 
 19	50	2	37 13 
 20	50	2	45 5 
 21	50	2	50 0 
 22	50	2	37 13 
 23	50	2	50 0 
 24	50	2	50 0 
 25	48	2	38 10 
 26	50	2	24 26 
 27	46	2	6 40 
 28	50	2	33 17 
 29	40	2	20 20 
 30	50	2	29 21 
 31	48	2	7 41 
 32	50	2	13 37 
 33	48	2	1 47 
 34	50	2	37 13 
 35	50	2	50 0 
 36	50	2	12 38 
 37	46	2	14 32 
 38	48	2	9 39 
 39	48	2	1 47 
 40	50	2	45 5 
 41	50	2	50 0 
 42	50	2	42 8 
 43	50	2	16 34 
 44	50	2	29 21 
 45	50	2	50 0 
 46	50	2	15 35 
 47	50	2	37 13 
 48	50	2	41 9 
 49	50	2	28 22 
 50	50	2	0 50 
 51	50	2	34 16 
 52	50	2	31 19 
 53	50	2	50 0 
 54	48	2	7 41 
 55	50	2	50 0 
 56	46	2	35 11 
 57	50	2	18 32 
 58	50	2	0 50 
 59	50	2	30 20 
 60	50	2	50 0 
 61	50	2	42 8 
 62	50	2	48 2 
 63	50	2	7 43 
 64	50	2	44 6 
 65	50	2	0 50 
 66	50	2	43 7 
 67	50	2	45 5 
 68	50	2	14 36 
 69	50	2	50 0 
 70	50	2	0 50 
 71	50	2	0 50 
 72	46	2	27 19 
 73	46	2	25 21 
 74	50	2	0 50 
 75	50	2	0 50 
 76	48	2	46 2 
 77	48	2	48 0 
 78	50	2	5 45 
 79	50	2	8 42 
 80	50	2	36 14 
 81	46	2	34 12 
 82	50	2	1 49 
 83	50	2	31 19 
 84	50	2	16 34 
 85	50	2	7 43 
 86	50	2	0 50 
 87	50	2	50 0 
 88	50	2	50 0 
 89	50	2	49 1 
 90	50	2	49 1 
 91	50	2	21 29 
 92	50	2	39 11 
 93	46	2	1 45 
 94	50	2	0 50 
 95	48	2	26 22 
 96	50	2	14 36 
 97	50	2	0 50 
 98	50	2	42 8 
 99	50	2	25 25 
 100	50	2	50 0 
 101	50	2	0 50 
 102	48	2	6 42 
 103	50	2	15 35 
 104	50	2	0 50 
 105	50	2	15 35 
 106	50	2	5 45 
 107	50	2	50 0 
 108	50	2	25 25 
 109	48	2	0 48 
 110	50	2	49 1 
 111	50	2	50 0 
 112	46	2	0 46 
 113	50	2	49 1 
 114	48	2	26 22 
 115	50	2	27 23 
 116	50	2	7 43 
 117	50	1	50 
 118	48	2	1 47 
 119	50	2	38 12 
 120	50	1	50 
 121	50	2	19 31 
 122	48	2	38 10 
 123	50	2	43 7 
 124	48	1	48 
 125	50	2	0 50 
 126	50	2	17 33 
 127	50	1	50 

[pop]=10
 1	12	2	8 4 
 2	12	2	12 0 
 3	12	2	12 0 
 4	12	2	12 0 
 5	12	2	1 11 
 6	12	1	12 
 7	12	2	7 5 
 8	10	2	8 2 
 9	12	2	12 0 
 10	12	2	10 2 
 11	12	2	12 0 
 12	12	2	1 11 
 13	12	2	12 0 
 14	12	2	0 12 
 15	12	2	8 4 
 16	12	2	10 2 
 17	12	2	0 12 
 18	12	2	2 10 
 19	12	2	9 3 
 20	12	2	11 1 
 21	12	2	7 5 
 22	12	2	2 10 
 23	12	2	9 3 
 24	12	2	12 0 
 25	12	2	7 5 
 26	12	2	3 9 
 27	10	2	6 4 
 28	12	2	8 4 
 29	12	2	2 10 
 30	12	2	1 11 
 31	12	2	1 11 
 32	12	2	7 5 
 33	10	2	0 10 
 34	12	2	6 6 
 35	12	2	12 0 
 36	12	2	1 11 
 37	10	2	9 1 
 38	12	2	4 8 
 39	10	2	1 9 
 40	12	2	12 0 
 41	10	2	10 0 
 42	12	2	6 6 
 43	12	2	0 12 
 44	12	2	11 1 
 45	12	2	12 0 
 46	12	2	5 7 
 47	12	2	8 4 
 48	12	2	12 0 
 49	12	2	2 10 
 50	12	2	0 12 
 51	12	2	8 4 
 52	12	2	8 4 
 53	12	2	12 0 
 54	12	2	6 6 
 55	12	2	12 0 
 56	12	2	10 2 
 57	12	2	2 10 
 58	12	2	0 12 
 59	12	2	8 4 
 60	10	2	8 2 
 61	12	2	12 0 
 62	8	2	8 0 
 63	12	2	6 6 
 64	12	2	10 2 
 65	12	2	0 12 
 66	12	2	9 3 
 67	12	2	12 0 
 68	12	2	8 4 
 69	12	2	12 0 
 70	12	2	0 12 
 71	12	2	3 9 
 72	12	2	3 9 
 73	12	2	8 4 
 74	12	2	0 12 
 75	12	2	0 12 
 76	12	2	12 0 
 77	12	2	12 0 
 78	12	2	1 11 
 79	12	2	5 7 
 80	12	2	4 8 
 81	12	2	8 4 
 82	12	2	0 12 
 83	12	2	8 4 
 84	12	2	0 12 
 85	12	2	2 10 
 86	12	2	8 4 
 87	12	2	12 0 
 88	12	2	12 0 
 89	12	2	12 0 
 90	12	2	12 0 
 91	12	2	9 3 
 92	12	2	6 6 
 93	12	2	1 11 
 94	12	2	0 12 
 95	10	2	9 1 
 96	12	2	2 10 
 97	12	2	1 11 
 98	12	2	3 9 
 99	12	2	8 4 
 100	12	2	11 1 
 101	12	2	0 12 
 102	12	2	0 12 
 103	12	2	8 4 
 104	12	2	0 12 
 105	12	2	2 10 
 106	12	2	0 12 
 107	12	2	12 0 
 108	12	2	7 5 
 109	12	2	0 12 
 110	12	2	12 0 
 111	12	2	11 1 
 112	10	2	0 10 
 113	12	2	12 0 
 114	12	2	6 6 
 115	12	2	12 0 
 116	12	2	1 11 
 117	12	1	12 
 118	12	2	2 10 
 119	12	2	11 1 
 120	10	1	10 
 121	12	2	7 5 
 122	12	2	8 4 
 123	12	2	6 6 
 124	12	1	12 
 125	12	2	0 12 
 126	12	2	2 10 
 127	12	1	12 

[pop]=11
 1	54	2	43 11 
 2	54	2	54 0 
 3	54	2	39 15 
 4	54	2	50 4 
 5	54	2	17 37 
 6	54	1	54 
 7	54	2	27 27 
 8	54	2	26 28 
 9	54	2	54 0 
 10	54	2	32 22 
 11	54	2	54 0 
 12	54	2	6 48 
 13	52	2	52 0 
 14	54	2	0 54 
 15	54	2	31 23 
 16	54	2	20 34 
 17	54	2	0 54 
 18	54	2	3 51 
 19	54	2	32 22 
 20	54	2	44 10 
 21	54	2	42 12 
 22	54	2	43 11 
 23	54	2	54 0 
 24	54	2	54 0 
 25	54	2	53 1 
 26	50	2	20 30 
 27	54	2	30 24 
 28	52	2	24 28 
 29	48	2	14 34 
 30	54	2	24 30 
 31	50	2	0 50 
 32	54	2	44 10 
 33	54	2	23 31 
 34	52	2	42 10 
 35	54	2	54 0 
 36	52	2	3 49 
 37	52	2	32 20 
 38	54	2	1 53 
 39	54	2	17 37 
 40	54	2	51 3 
 41	54	2	54 0 
 42	52	2	38 14 
 43	54	2	25 29 
 44	54	2	37 17 
 45	54	2	54 0 
 46	54	2	6 48 
 47	54	2	52 2 
 48	54	2	53 1 
 49	54	2	8 46 
 50	54	2	2 52 
 51	54	2	35 19 
 52	54	2	52 2 
 53	52	2	52 0 
 54	54	2	30 24 
 55	54	2	54 0 
 56	54	2	54 0 
 57	54	2	2 52 
 58	54	2	0 54 
 59	54	2	32 22 
 60	54	2	52 2 
 61	54	2	52 2 
 62	54	2	43 11 
 63	54	2	18 36 
 64	54	2	53 1 
 65	54	2	0 54 
 66	54	2	51 3 
 67	54	2	32 22 
 68	54	2	19 35 
 69	54	2	54 0 
 70	54	2	27 27 
 71	54	2	0 54 
 72	50	2	4 46 
 73	54	2	28 26 
 74	54	2	0 54 
 75	54	2	0 54 
 76	54	2	39 15 
 77	54	2	52 2 
 78	54	2	28 26 
 79	54	2	6 48 
 80	54	2	27 27 
 81	54	2	45 9 
 82	54	2	0 54 
 83	54	2	24 30 
 84	54	2	12 42 
 85	54	2	26 28 
 86	54	2	0 54 
 87	54	2	54 0 
 88	52	2	52 0 
 89	52	2	33 19 
 90	54	2	39 15 
 91	54	2	25 29 
 92	54	2	42 12 
 93	52	2	9 43 
 94	52	2	5 47 
 95	54	2	51 3 
 96	54	2	18 36 
 97	54	2	13 41 
 98	54	2	22 32 
 99	54	2	20 34 
 100	54	2	53 1 
 101	52	2	3 49 
 102	54	2	7 47 
 103	54	2	1 53 
 104	54	2	0 54 
 105	54	2	25 29 
 106	54	2	4 50 
 107	54	2	54 0 
 108	54	2	25 29 
 109	54	2	0 54 
 110	54	2	54 0 
 111	54	2	48 6 
 112	50	2	19 31 
 113	52	2	52 0 
 114	54	2	29 25 
 115	54	2	46 8 
 116	54	2	13 41 
 117	54	1	54 
 118	54	2	0 54 
 119	54	2	36 18 
 120	52	1	52 
 121	54	2	34 20 
 122	54	2	39 15 
 123	54	2	54 0 
 124	54	1	54 
 125	54	2	3 51 
 126	54	2	3 51 
 127	54	1	54 

[pop]=12
 1	54	2	44 10 
 2	56	2	54 2 
 3	56	2	56 0 
 4	52	2	41 11 
 5	56	2	0 56 
 6	56	1	56 
 7	56	2	30 26 
 8	56	2	40 16 
 9	56	2	56 0 
 10	56	2	10 46 
 11	54	2	54 0 
 12	56	2	3 53 
 13	54	2	40 14 
 14	56	2	0 56 
 15	54	2	34 20 
 16	56	2	40 16 
 17	54	2	0 54 
 18	56	2	21 35 
 19	56	2	27 29 
 20	54	2	35 19 
 21	56	2	55 1 
 22	56	2	49 7 
 23	56	2	56 0 
 24	56	2	56 0 
 25	56	2	40 16 
 26	56	2	28 28 
 27	56	2	9 47 
 28	56	2	45 11 
 29	56	2	35 21 
 30	56	2	17 39 
 31	56	2	2 54 
 32	56	2	19 37 
 33	54	2	18 36 
 34	56	2	37 19 
 35	56	2	56 0 
 36	56	2	3 53 
 37	56	2	37 19 
 38	56	2	8 48 
 39	52	2	7 45 
 40	56	2	56 0 
 41	56	2	56 0 
 42	56	2	35 21 
 43	56	2	15 41 
 44	54	2	37 17 
 45	54	2	54 0 
 46	56	2	23 33 
 47	56	2	50 6 
 48	56	2	52 4 
 49	54	2	17 37 
 50	52	2	2 50 
 51	56	2	41 15 
 52	56	2	40 16 
 53	56	2	56 0 
 54	56	2	9 47 
 55	56	2	56 0 
 56	54	2	52 2 
 57	56	2	11 45 
 58	56	2	0 56 
 59	56	2	24 32 
 60	56	2	55 1 
 61	56	2	49 7 
 62	56	2	51 5 
 63	56	2	17 39 
 64	56	2	45 11 
 65	56	2	0 56 
 66	56	2	46 10 
 67	56	2	52 4 
 68	56	2	18 38 
 69	56	2	56 0 
 70	56	2	4 52 
 71	56	2	0 56 
 72	54	2	25 29 
 73	56	2	20 36 
 74	56	2	0 56 
 75	56	2	1 55 
 76	56	2	53 3 
 77	56	2	56 0 
 78	56	2	7 49 
 79	56	2	4 52 
 80	56	2	46 10 
 81	54	2	51 3 
 82	56	2	3 53 
 83	52	2	29 23 
 84	54	2	16 38 
 85	56	2	8 48 
 86	56	2	0 56 
 87	56	2	56 0 
 88	56	2	56 0 
 89	54	2	54 0 
 90	56	2	55 1 
 91	56	2	33 23 
 92	56	2	45 11 
 93	56	2	15 41 
 94	56	2	0 56 
 95	56	2	41 15 
 96	56	2	18 38 
 97	56	2	12 44 
 98	56	2	39 17 
 99	54	2	32 22 
 100	52	2	52 0 
 101	56	2	0 56 
 102	56	2	8 48 
 103	56	2	5 51 
 104	56	2	0 56 
 105	56	2	17 39 
 106	56	2	0 56 
 107	56	2	56 0 
 108	56	2	30 26 
 109	56	2	0 56 
 110	56	2	56 0 
 111	56	2	53 3 
 112	48	2	0 48 
 113	54	2	54 0 
 114	56	2	36 20 
 115	56	2	33 23 
 116	56	2	11 45 
 117	54	1	54 
 118	56	2	10 46 
 119	56	2	39 17 
 120	56	1	56 
 121	56	2	27 29 
 122	56	2	41 15 
 123	56	2	47 9 
 124	52	1	52 
 125	56	2	4 52 
 126	56	2	29 27 
 127	56	1	56 

[pop]=13
 1	64	2	43 21 
 2	64	2	46 18 
 3	64	2	64 0 
 4	58	2	44 14 
 5	64	2	21 43 
 6	64	1	64 
 7	64	2	40 24 
 8	64	2	34 30 
 9	62	2	62 0 
 10	64	2	14 50 
 11	58	2	57 1 
 12	64	2	0 64 
 13	64	2	62 2 
 14	64	2	0 64 
 15	64	2	26 38 
 16	64	2	50 14 
 17	64	2	0 64 
 18	64	2	10 54 
 19	64	2	35 29 
 20	58	2	53 5 
 21	64	2	59 5 
 22	64	2	43 21 
 23	64	2	56 8 
 24	64	2	64 0 
 25	64	2	48 16 
 26	64	2	38 26 
 27	64	2	51 13 
 28	64	2	53 11 
 29	64	2	25 39 
 30	64	2	7 57 
 31	64	2	2 62 
 32	64	2	9 55 
 33	64	2	2 62 
 34	64	2	44 20 
 35	62	2	62 0 
 36	64	2	18 46 
 37	62	2	52 10 
 38	64	2	9 55 
 39	56	2	9 47 
 40	64	2	63 1 
 41	62	2	62 0 
 42	64	2	48 16 
 43	64	2	8 56 
 44	58	2	37 21 
 45	64	2	64 0 
 46	62	2	15 47 
 47	64	2	40 24 
 48	64	2	52 12 
 49	64	2	4 60 
 50	64	2	0 64 
 51	64	2	43 21 
 52	64	2	51 13 
 53	64	2	64 0 
 54	64	2	51 13 
 55	64	2	64 0 
 56	64	2	63 1 
 57	64	2	23 41 
 58	64	2	0 64 
 59	64	2	35 29 
 60	64	2	61 3 
 61	64	2	62 2 
 62	64	2	61 3 
 63	64	2	32 32 
 64	64	2	63 1 
 65	64	2	0 64 
 66	62	2	43 19 
 67	64	2	57 7 
 68	62	2	12 50 
 69	64	2	62 2 
 70	64	2	10 54 
 71	64	2	4 60 
 72	62	2	18 44 
 73	56	2	39 17 
 74	62	2	0 62 
 75	64	2	7 57 
 76	64	2	54 10 
 77	64	2	64 0 
 78	64	2	17 47 
 79	64	2	3 61 
 80	64	2	59 5 
 81	62	2	26 36 
 82	64	2	0 64 
 83	64	2	22 42 
 84	64	2	8 56 
 85	64	2	1 63 
 86	64	2	2 62 
 87	64	2	64 0 
 88	64	2	64 0 
 89	62	2	57 5 
 90	64	2	52 12 
 91	64	2	45 19 
 92	64	2	59 5 
 93	64	2	4 60 
 94	64	2	0 64 
 95	64	2	57 7 
 96	62	2	15 47 
 97	64	2	8 56 
 98	64	2	51 13 
 99	64	2	19 45 
 100	64	2	57 7 
 101	64	2	2 62 
 102	64	2	8 56 
 103	64	2	12 52 
 104	62	2	0 62 
 105	64	2	31 33 
 106	64	2	1 63 
 107	62	2	62 0 
 108	64	2	30 34 
 109	64	2	0 64 
 110	64	2	53 11 
 111	64	2	63 1 
 112	54	2	0 54 
 113	64	2	64 0 
 114	62	2	27 35 
 115	64	2	48 16 
 116	64	2	16 48 
 117	64	1	64 
 118	62	2	3 59 
 119	64	2	57 7 
 120	58	1	58 
 121	58	2	36 22 
 122	64	2	29 35 
 123	60	2	46 14 
 124	50	1	50 
 125	64	2	1 63 
 126	64	2	4 60 
 127	64	1	64 

[pop]=14
 1	52	2	35 17 
 2	52	2	49 3 
 3	52	2	50 2 
 4	52	2	38 14 
 5	52	2	0 52 
 6	52	1	52 
 7	52	2	27 25 
 8	52	2	34 18 
 9	50	2	50 0 
 10	52	2	5 47 
 11	50	2	50 0 
 12	52	2	1 51 
 13	50	2	45 5 
 14	52	2	0 52 
 15	52	2	42 10 
 16	52	2	36 16 
 17	52	2	0 52 
 18	52	2	10 42 
 19	52	2	10 42 
 20	52	2	49 3 
 21	52	2	47 5 
 22	52	2	28 24 
 23	52	2	43 9 
 24	52	2	49 3 
 25	52	2	38 14 
 26	50	2	14 36 
 27	50	2	22 28 
 28	52	2	43 9 
 29	52	2	31 21 
 30	52	2	3 49 
 31	50	2	3 47 
 32	52	2	14 38 
 33	50	2	11 39 
 34	52	2	28 24 
 35	52	2	52 0 
 36	52	2	2 50 
 37	52	2	13 39 
 38	52	2	16 36 
 39	52	2	2 50 
 40	52	2	49 3 
 41	52	2	52 0 
 42	52	2	33 19 
 43	52	2	23 29 
 44	52	2	26 26 
 45	52	2	52 0 
 46	52	2	14 38 
 47	52	2	51 1 
 48	52	2	40 12 
 49	52	2	0 52 
 50	52	2	1 51 
 51	52	2	39 13 
 52	52	2	42 10 
 53	52	2	52 0 
 54	52	2	24 28 
 55	52	2	50 2 
 56	52	2	45 7 
 57	52	2	38 14 
 58	52	2	0 52 
 59	52	2	32 20 
 60	52	2	49 3 
 61	52	2	52 0 
 62	50	2	50 0 
 63	52	2	30 22 
 64	52	2	52 0 
 65	52	2	23 29 
 66	52	2	25 27 
 67	52	2	48 4 
 68	52	2	28 24 
 69	52	2	52 0 
 70	52	2	14 38 
 71	52	2	0 52 
 72	52	2	21 31 
 73	52	2	43 9 
 74	52	2	0 52 
 75	50	2	16 34 
 76	52	2	38 14 
 77	52	2	50 2 
 78	52	2	21 31 
 79	52	2	9 43 
 80	52	2	42 10 
 81	52	2	45 7 
 82	52	2	2 50 
 83	52	2	22 30 
 84	52	2	0 52 
 85	52	2	1 51 
 86	52	2	2 50 
 87	52	2	52 0 
 88	52	2	52 0 
 89	50	2	44 6 
 90	52	2	42 10 
 91	52	2	9 43 
 92	52	2	48 4 
 93	50	2	4 46 
 94	52	2	0 52 
 95	52	2	45 7 
 96	52	2	30 22 
 97	50	2	0 50 
 98	52	2	13 39 
 99	52	2	44 8 
 100	52	2	51 1 
 101	52	2	5 47 
 102	52	2	14 38 
 103	52	2	20 32 
 104	52	2	0 52 
 105	52	2	10 42 
 106	52	2	0 52 
 107	52	2	52 0 
 108	52	2	28 24 
 109	52	2	0 52 
 110	52	2	38 14 
 111	52	2	46 6 
 112	46	2	16 30 
 113	52	2	52 0 
 114	52	2	18 34 
 115	52	2	37 15 
 116	52	2	18 34 
 117	52	1	52 
 118	52	2	0 52 
 119	52	2	46 6 
 120	50	1	50 
 121	52	2	12 40 
 122	52	2	30 22 
 123	52	2	33 19 
 124	28	1	28 
 125	52	2	12 40 
 126	52	2	10 42 
 127	52	1	52 

[pop]=15
 1	20	2	18 2 
 2	20	2	15 5 
 3	20	2	20 0 
 4	20	2	18 2 
 5	20	2	0 20 
 6	20	1	20 
 7	20	2	10 10 
 8	20	2	11 9 
 9	20	2	20 0 
 10	20	2	14 6 
 11	20	2	20 0 
 12	20	2	2 18 
 13	20	2	20 0 
 14	20	2	0 20 
 15	20	2	18 2 
 16	20	2	14 6 
 17	20	2	0 20 
 18	18	2	4 14 
 19	20	2	14 6 
 20	18	2	17 1 
 21	20	2	18 2 
 22	18	2	13 5 
 23	20	2	18 2 
 24	20	2	20 0 
 25	20	2	15 5 
 26	18	2	3 15 
 27	20	2	13 7 
 28	20	2	13 7 
 29	20	2	7 13 
 30	20	2	5 15 
 31	20	2	0 20 
 32	20	2	14 6 
 33	20	2	11 9 
 34	20	2	12 8 
 35	20	2	20 0 
 36	20	2	1 19 
 37	18	2	10 8 
 38	20	2	8 12 
 39	20	2	2 18 
 40	20	2	20 0 
 41	20	2	20 0 
 42	20	2	18 2 
 43	20	2	7 13 
 44	20	2	8 12 
 45	20	2	20 0 
 46	20	2	7 13 
 47	20	2	20 0 
 48	20	2	16 4 
 49	20	2	9 11 
 50	20	2	3 17 
 51	20	2	17 3 
 52	20	2	11 9 
 53	20	2	20 0 
 54	20	2	13 7 
 55	20	2	16 4 
 56	20	2	19 1 
 57	20	2	9 11 
 58	20	2	0 20 
 59	20	2	7 13 
 60	18	2	14 4 
 61	20	2	19 1 
 62	18	2	17 1 
 63	20	2	12 8 
 64	20	2	17 3 
 65	20	2	0 20 
 66	20	2	19 1 
 67	20	2	14 6 
 68	20	2	6 14 
 69	20	2	20 0 
 70	20	2	1 19 
 71	20	2	1 19 
 72	20	2	8 12 
 73	18	2	9 9 
 74	20	2	0 20 
 75	20	2	0 20 
 76	20	2	12 8 
 77	20	2	19 1 
 78	20	2	11 9 
 79	20	2	1 19 
 80	20	2	9 11 
 81	20	2	12 8 
 82	20	2	0 20 
 83	20	2	13 7 
 84	20	2	3 17 
 85	20	2	9 11 
 86	20	2	0 20 
 87	20	2	20 0 
 88	20	2	20 0 
 89	20	2	20 0 
 90	20	2	11 9 
 91	20	2	5 15 
 92	20	2	10 10 
 93	20	2	7 13 
 94	20	2	3 17 
 95	20	2	18 2 
 96	20	2	11 9 
 97	18	2	6 12 
 98	20	2	8 12 
 99	20	2	7 13 
 100	20	2	20 0 
 101	20	2	0 20 
 102	20	2	6 14 
 103	20	2	2 18 
 104	20	2	0 20 
 105	20	2	8 12 
 106	20	2	0 20 
 107	20	2	20 0 
 108	20	2	10 10 
 109	20	2	0 20 
 110	20	2	20 0 
 111	20	2	18 2 
 112	20	2	0 20 
 113	18	2	18 0 
 114	20	2	10 10 
 115	20	2	19 1 
 116	18	2	2 16 
 117	20	1	20 
 118	20	2	0 20 
 119	20	2	14 6 
 120	20	1	20 
 121	20	2	9 11 
 122	20	2	9 11 
 123	20	2	15 5 
 124	18	1	18 
 125	20	2	0 20 
 126	20	2	3 17 
 127	20	1	20 

[pop]=16
 1	64	2	24 40 
 2	66	2	59 7 
 3	66	2	66 0 
 4	66	2	56 10 
 5	66	2	19 47 
 6	66	1	66 
 7	66	2	41 25 
 8	64	2	47 17 
 9	66	2	66 0 
 10	66	2	16 50 
 11	66	2	66 0 
 12	66	2	1 65 
 13	66	2	65 1 
 14	66	2	0 66 
 15	66	2	30 36 
 16	66	2	37 29 
 17	66	2	0 66 
 18	66	2	16 50 
 19	66	2	20 46 
 20	66	2	66 0 
 21	66	2	60 6 
 22	66	2	56 10 
 23	66	2	56 10 
 24	66	2	66 0 
 25	64	2	47 17 
 26	66	2	33 33 
 27	62	2	26 36 
 28	66	2	45 21 
 29	62	2	23 39 
 30	66	2	12 54 
 31	64	2	9 55 
 32	66	2	18 48 
 33	64	2	3 61 
 34	66	2	31 35 
 35	66	2	66 0 
 36	66	2	9 57 
 37	58	2	29 29 
 38	64	2	15 49 
 39	66	2	14 52 
 40	66	2	65 1 
 41	64	2	64 0 
 42	64	2	43 21 
 43	66	2	25 41 
 44	66	2	47 19 
 45	66	2	66 0 
 46	66	2	25 41 
 47	66	2	61 5 
 48	66	2	52 14 
 49	66	2	8 58 
 50	66	2	0 66 
 51	66	2	29 37 
 52	64	2	34 30 
 53	66	2	66 0 
 54	66	2	29 37 
 55	66	2	63 3 
 56	62	2	62 0 
 57	66	2	18 48 
 58	64	2	0 64 
 59	66	2	34 32 
 60	66	2	65 1 
 61	66	2	65 1 
 62	64	2	58 6 
 63	66	2	38 28 
 64	66	2	61 5 
 65	66	2	0 66 
 66	64	2	49 15 
 67	66	2	66 0 
 68	64	2	22 42 
 69	66	2	66 0 
 70	64	2	14 50 
 71	66	2	5 61 
 72	66	2	12 54 
 73	60	2	43 17 
 74	66	2	0 66 
 75	66	2	6 60 
 76	66	2	47 19 
 77	66	2	65 1 
 78	66	2	10 56 
 79	66	2	9 57 
 80	64	2	54 10 
 81	66	2	41 25 
 82	66	2	0 66 
 83	64	2	24 40 
 84	66	2	6 60 
 85	66	2	2 64 
 86	66	2	10 56 
 87	66	2	66 0 
 88	66	2	66 0 
 89	66	2	58 8 
 90	66	2	58 8 
 91	66	2	31 35 
 92	66	2	53 13 
 93	64	2	10 54 
 94	64	2	0 64 
 95	66	2	59 7 
 96	66	2	26 40 
 97	66	2	5 61 
 98	66	2	37 29 
 99	66	2	22 44 
 100	64	2	59 5 
 101	66	2	3 63 
 102	66	2	7 59 
 103	64	2	8 56 
 104	66	2	0 66 
 105	66	2	10 56 
 106	66	2	1 65 
 107	66	2	66 0 
 108	66	2	29 37 
 109	66	2	0 66 
 110	66	2	56 10 
 111	66	2	59 7 
 112	48	2	0 48 
 113	66	2	66 0 
 114	66	2	24 42 
 115	66	2	42 24 
 116	66	2	24 42 
 117	66	1	66 
 118	58	2	2 56 
 119	66	2	54 12 
 120	60	1	60 
 121	66	2	49 17 
 122	66	2	29 37 
 123	66	2	58 8 
 124	48	1	48 
 125	66	2	7 59 
 126	66	2	14 52 
 127	66	1	66 

[pop]=17
 1	58	2	33 25 
 2	58	2	45 13 
 3	58	2	58 0 
 4	58	2	47 11 
 5	58	2	15 43 
 6	58	1	58 
 7	58	2	30 28 
 8	56	2	32 24 
 9	58	2	58 0 
 10	58	2	29 29 
 11	58	2	58 0 
 12	56	2	0 56 
 13	58	2	45 13 
 14	58	2	0 58 
 15	58	2	27 31 
 16	58	2	36 22 
 17	58	2	0 58 
 18	54	2	14 40 
 19	58	2	11 47 
 20	58	2	58 0 
 21	58	2	56 2 
 22	58	2	44 14 
 23	58	2	46 12 
 24	58	2	58 0 
 25	58	2	33 25 
 26	56	2	37 19 
 27	58	2	46 12 
 28	58	2	30 28 
 29	58	2	16 42 
 30	58	2	5 53 
 31	58	2	4 54 
 32	56	2	18 38 
 33	56	2	1 55 
 34	58	2	40 18 
 35	56	2	56 0 
 36	58	2	16 42 
 37	54	2	29 25 
 38	58	2	15 43 
 39	56	2	12 44 
 40	58	2	56 2 
 41	58	2	58 0 
 42	58	2	45 13 
 43	58	2	9 49 
 44	58	2	38 20 
 45	58	2	58 0 
 46	56	2	18 38 
 47	58	2	51 7 
 48	58	2	43 15 
 49	58	2	1 57 
 50	58	2	0 58 
 51	58	2	41 17 
 52	58	2	32 26 
 53	58	2	58 0 
 54	58	2	46 12 
 55	58	2	58 0 
 56	58	2	58 0 
 57	58	2	24 34 
 58	58	2	0 58 
 59	58	2	41 17 
 60	58	2	57 1 
 61	58	2	55 3 
 62	58	2	56 2 
 63	58	2	34 24 
 64	54	2	44 10 
 65	58	2	1 57 
 66	56	2	36 20 
 67	58	2	56 2 
 68	58	2	7 51 
 69	58	2	54 4 
 70	58	2	10 48 
 71	58	2	11 47 
 72	58	2	18 40 
 73	58	2	33 25 
 74	58	2	0 58 
 75	56	2	3 53 
 76	54	2	40 14 
 77	58	2	55 3 
 78	58	2	9 49 
 79	58	2	15 43 
 80	58	2	52 6 
 81	58	2	26 32 
 82	58	2	0 58 
 83	58	2	31 27 
 84	58	2	5 53 
 85	58	2	0 58 
 86	58	2	3 55 
 87	58	2	58 0 
 88	58	2	58 0 
 89	58	2	56 2 
 90	58	2	47 11 
 91	58	2	32 26 
 92	58	2	49 9 
 93	58	2	3 55 
 94	58	2	0 58 
 95	58	2	50 8 
 96	58	2	23 35 
 97	58	2	10 48 
 98	58	2	30 28 
 99	56	2	25 31 
 100	58	2	55 3 
 101	58	2	0 58 
 102	58	2	6 52 
 103	58	2	13 45 
 104	58	2	0 58 
 105	58	2	22 36 
 106	58	2	2 56 
 107	58	2	58 0 
 108	58	2	28 30 
 109	54	2	0 54 
 110	58	2	54 4 
 111	58	2	54 4 
 112	50	2	0 50 
 113	58	2	58 0 
 114	58	2	14 44 
 115	58	2	37 21 
 116	58	2	16 42 
 117	58	1	58 
 118	56	2	2 54 
 119	58	2	44 14 
 120	56	1	56 
 121	56	2	35 21 
 122	58	2	39 19 
 123	58	2	38 20 
 124	56	1	56 
 125	58	2	5 53 
 126	58	2	13 45 
 127	58	1	58 

[pop]=18
 1	12	2	5 7 
 2	12	2	12 0 
 3	12	2	9 3 
 4	12	2	10 2 
 5	12	2	0 12 
 6	12	1	12 
 7	12	2	6 6 
 8	12	2	1 11 
 9	12	2	12 0 
 10	12	2	2 10 
 11	12	2	12 0 
 12	12	2	0 12 
 13	12	2	6 6 
 14	12	2	0 12 
 15	12	2	4 8 
 16	12	2	5 7 
 17	10	2	0 10 
 18	12	2	1 11 
 19	12	2	5 7 
 20	12	2	12 0 
 21	12	2	10 2 
 22	12	2	4 8 
 23	12	2	12 0 
 24	12	2	12 0 
 25	12	2	11 1 
 26	10	2	1 9 
 27	12	2	0 12 
 28	12	2	10 2 
 29	12	2	5 7 
 30	12	2	1 11 
 31	12	2	4 8 
 32	12	2	8 4 
 33	12	2	8 4 
 34	12	2	12 0 
 35	10	2	8 2 
 36	12	2	4 8 
 37	12	2	6 6 
 38	12	2	5 7 
 39	10	2	0 10 
 40	12	2	12 0 
 41	12	2	12 0 
 42	12	2	4 8 
 43	12	2	0 12 
 44	12	2	9 3 
 45	12	2	12 0 
 46	12	2	0 12 
 47	12	2	11 1 
 48	10	2	6 4 
 49	12	2	1 11 
 50	12	2	0 12 
 51	12	2	2 10 
 52	12	2	12 0 
 53	12	2	6 6 
 54	12	2	0 12 
 55	12	2	12 0 
 56	12	2	12 0 
 57	12	2	5 7 
 58	12	2	3 9 
 59	12	2	8 4 
 60	12	2	11 1 
 61	12	2	12 0 
 62	12	2	10 2 
 63	12	2	4 8 
 64	10	2	10 0 
 65	12	2	0 12 
 66	12	2	12 0 
 67	12	2	12 0 
 68	12	2	3 9 
 69	12	2	12 0 
 70	12	2	1 11 
 71	12	2	0 12 
 72	12	2	1 11 
 73	6	2	2 4 
 74	12	2	0 12 
 75	12	2	0 12 
 76	12	2	7 5 
 77	12	2	3 9 
 78	12	2	0 12 
 79	8	2	5 3 
 80	12	2	3 9 
 81	12	2	12 0 
 82	12	2	0 12 
 83	12	2	3 9 
 84	12	2	1 11 
 85	12	2	0 12 
 86	12	2	0 12 
 87	12	2	12 0 
 88	12	2	12 0 
 89	12	2	8 4 
 90	12	2	1 11 
 91	12	2	5 7 
 92	12	2	12 0 
 93	12	2	5 7 
 94	12	2	0 12 
 95	12	2	12 0 
 96	12	2	12 0 
 97	12	2	0 12 
 98	12	2	6 6 
 99	12	2	7 5 
 100	12	2	12 0 
 101	12	2	0 12 
 102	12	2	0 12 
 103	12	2	7 5 
 104	12	2	0 12 
 105	12	2	11 1 
 106	12	2	2 10 
 107	12	2	8 4 
 108	12	2	4 8 
 109	12	2	9 3 
 110	12	2	11 1 
 111	10	2	10 0 
 112	12	2	0 12 
 113	12	2	10 2 
 114	12	2	6 6 
 115	10	2	2 8 
 116	12	2	3 9 
 117	12	1	12 
 118	8	2	0 8 
 119	12	2	11 1 
 120	8	1	8 
 121	12	2	3 9 
 122	12	2	9 3 
 123	12	2	11 1 
 124	12	1	12 
 125	12	2	0 12 
 126	10	2	9 1 
 127	12	1	12 


