[loci]=127

[populations]=7

[pop]=1
 1	74	2	4 70 
 2	74	2	74 0 
 3	76	2	76 0 
 4	76	2	25 51 
 5	76	2	0 76 
 6	76	1	76 
 7	76	2	51 25 
 8	76	2	33 43 
 9	76	2	76 0 
 10	76	2	62 14 
 11	76	2	76 0 
 12	76	2	0 76 
 13	76	2	76 0 
 14	76	2	37 39 
 15	76	2	70 6 
 16	76	2	60 16 
 17	76	2	0 76 
 18	76	2	10 66 
 19	76	2	28 48 
 20	74	2	73 1 
 21	76	2	76 0 
 22	76	2	73 3 
 23	76	2	76 0 
 24	76	2	76 0 
 25	76	2	50 26 
 26	76	2	71 5 
 27	76	2	75 1 
 28	76	2	20 56 
 29	74	2	41 33 
 30	76	2	0 76 
 31	76	2	0 76 
 32	76	2	18 58 
 33	76	2	34 42 
 34	76	2	23 53 
 35	76	2	76 0 
 36	76	2	73 3 
 37	76	2	4 72 
 38	76	2	7 69 
 39	76	2	0 76 
 40	76	2	27 49 
 41	76	2	76 0 
 42	76	2	64 12 
 43	76	2	47 29 
 44	76	2	74 2 
 45	76	2	76 0 
 46	76	2	21 55 
 47	76	2	76 0 
 48	76	2	76 0 
 49	76	2	0 76 
 50	76	2	0 76 
 51	76	2	2 74 
 52	76	2	76 0 
 53	74	2	74 0 
 54	74	2	73 1 
 55	76	2	76 0 
 56	72	2	54 18 
 57	76	2	10 66 
 58	76	2	40 36 
 59	76	2	76 0 
 60	76	2	76 0 
 61	76	2	76 0 
 62	76	2	65 11 
 63	76	2	72 4 
 64	76	2	76 0 
 65	76	2	0 76 
 66	76	2	62 14 
 67	76	2	24 52 
 68	74	2	17 57 
 69	74	2	34 40 
 70	76	2	23 53 
 71	76	2	2 74 
 72	76	2	0 76 
 73	76	2	76 0 
 74	76	2	3 73 
 75	76	2	0 76 
 76	76	2	76 0 
 77	76	2	76 0 
 78	74	2	23 51 
 79	76	2	40 36 
 80	76	2	39 37 
 81	76	2	76 0 
 82	74	2	0 74 
 83	76	2	76 0 
 84	76	2	24 52 
 85	76	2	3 73 
 86	76	2	0 76 
 87	76	2	52 24 
 88	76	2	76 0 
 89	76	2	76 0 
 90	74	2	74 0 
 91	76	2	8 68 
 92	76	2	50 26 
 93	76	2	0 76 
 94	76	2	0 76 
 95	74	2	55 19 
 96	74	2	7 67 
 97	76	2	0 76 
 98	76	2	0 76 
 99	76	2	0 76 
 100	76	2	76 0 
 101	76	2	11 65 
 102	74	2	0 74 
 103	72	2	0 72 
 104	76	2	22 54 
 105	76	2	76 0 
 106	76	2	22 54 
 107	76	2	76 0 
 108	76	2	28 48 
 109	76	2	0 76 
 110	76	2	76 0 
 111	76	2	76 0 
 112	76	2	39 37 
 113	76	2	76 0 
 114	76	2	4 72 
 115	76	2	68 8 
 116	76	2	62 14 
 117	76	1	76 
 118	76	2	24 52 
 119	76	2	47 29 
 120	76	1	76 
 121	76	2	0 76 
 122	76	2	13 63 
 123	76	2	76 0 
 124	76	1	76 
 125	76	2	0 76 
 126	76	2	46 30 
 127	74	1	74 

[pop]=2
 1	40	2	10 30 
 2	44	2	44 0 
 3	44	2	44 0 
 4	44	2	23 21 
 5	44	2	0 44 
 6	44	1	44 
 7	42	2	25 17 
 8	44	2	29 15 
 9	40	2	40 0 
 10	44	2	29 15 
 11	44	2	39 5 
 12	44	2	0 44 
 13	44	2	44 0 
 14	44	2	9 35 
 15	44	2	35 9 
 16	44	2	44 0 
 17	44	2	0 44 
 18	44	2	5 39 
 19	44	2	34 10 
 20	44	2	43 1 
 21	44	2	44 0 
 22	44	2	44 0 
 23	44	2	44 0 
 24	44	2	44 0 
 25	44	2	20 24 
 26	40	2	33 7 
 27	44	2	33 11 
 28	44	2	19 25 
 29	40	2	17 23 
 30	44	2	14 30 
 31	42	2	0 42 
 32	44	2	9 35 
 33	44	2	23 21 
 34	44	2	15 29 
 35	44	2	44 0 
 36	44	2	35 9 
 37	40	2	3 37 
 38	44	2	0 44 
 39	44	2	0 44 
 40	44	2	19 25 
 41	44	2	44 0 
 42	44	2	39 5 
 43	44	2	25 19 
 44	44	2	44 0 
 45	44	2	44 0 
 46	44	2	6 38 
 47	44	2	44 0 
 48	44	2	44 0 
 49	44	2	0 44 
 50	42	2	0 42 
 51	44	2	8 36 
 52	44	2	44 0 
 53	44	2	44 0 
 54	44	2	33 11 
 55	44	2	44 0 
 56	44	2	40 4 
 57	44	2	13 31 
 58	44	2	15 29 
 59	42	2	39 3 
 60	44	2	44 0 
 61	44	2	44 0 
 62	44	2	44 0 
 63	42	2	42 0 
 64	44	2	44 0 
 65	44	2	0 44 
 66	44	2	32 12 
 67	44	2	26 18 
 68	42	2	20 22 
 69	44	2	33 11 
 70	44	2	15 29 
 71	44	2	3 41 
 72	44	2	3 41 
 73	42	2	42 0 
 74	44	2	0 44 
 75	44	2	0 44 
 76	44	2	44 0 
 77	44	2	44 0 
 78	44	2	17 27 
 79	44	2	19 25 
 80	44	2	30 14 
 81	44	2	40 4 
 82	44	2	0 44 
 83	44	2	26 18 
 84	42	2	16 26 
 85	44	2	2 42 
 86	44	2	0 44 
 87	44	2	39 5 
 88	44	2	44 0 
 89	44	2	44 0 
 90	44	2	44 0 
 91	44	2	10 34 
 92	44	2	44 0 
 93	44	2	0 44 
 94	44	2	0 44 
 95	44	2	41 3 
 96	44	2	17 27 
 97	42	2	9 33 
 98	44	2	0 44 
 99	44	2	0 44 
 100	44	2	44 0 
 101	44	2	16 28 
 102	44	2	0 44 
 103	44	2	0 44 
 104	44	2	5 39 
 105	44	2	39 5 
 106	44	2	13 31 
 107	44	2	44 0 
 108	44	2	22 22 
 109	44	2	0 44 
 110	44	2	44 0 
 111	44	2	44 0 
 112	42	2	16 26 
 113	44	2	44 0 
 114	44	2	5 39 
 115	44	2	44 0 
 116	44	2	28 16 
 117	44	1	44 
 118	40	2	9 31 
 119	44	2	32 12 
 120	44	1	44 
 121	42	2	4 38 
 122	44	2	0 44 
 123	44	2	44 0 
 124	42	1	42 
 125	42	2	0 42 
 126	44	2	27 17 
 127	44	1	44 

[pop]=3
 1	56	2	19 37 
 2	60	2	60 0 
 3	60	2	54 6 
 4	60	2	57 3 
 5	60	2	6 54 
 6	60	1	60 
 7	60	2	33 27 
 8	60	2	16 44 
 9	60	2	60 0 
 10	60	2	15 45 
 11	58	2	42 16 
 12	58	2	0 58 
 13	60	2	58 2 
 14	60	2	12 48 
 15	60	2	48 12 
 16	58	2	43 15 
 17	60	2	0 60 
 18	58	2	24 34 
 19	60	2	10 50 
 20	60	2	60 0 
 21	60	2	29 31 
 22	60	2	54 6 
 23	60	2	60 0 
 24	60	2	60 0 
 25	58	2	54 4 
 26	54	2	37 17 
 27	58	2	28 30 
 28	60	2	41 19 
 29	56	2	26 30 
 30	60	2	5 55 
 31	60	2	2 58 
 32	60	2	27 33 
 33	60	2	15 45 
 34	58	2	11 47 
 35	60	2	60 0 
 36	60	2	32 28 
 37	60	2	14 46 
 38	60	2	0 60 
 39	56	2	2 54 
 40	60	2	54 6 
 41	54	2	30 24 
 42	60	2	44 16 
 43	60	2	12 48 
 44	60	2	39 21 
 45	60	2	60 0 
 46	60	2	2 58 
 47	60	2	60 0 
 48	60	2	60 0 
 49	60	2	0 60 
 50	60	2	0 60 
 51	60	2	48 12 
 52	60	2	57 3 
 53	60	2	60 0 
 54	56	2	27 29 
 55	60	2	58 2 
 56	60	2	57 3 
 57	60	2	47 13 
 58	60	2	3 57 
 59	60	2	56 4 
 60	60	2	59 1 
 61	60	2	60 0 
 62	60	2	54 6 
 63	60	2	32 28 
 64	60	2	60 0 
 65	60	2	0 60 
 66	58	2	44 14 
 67	60	2	44 16 
 68	60	2	18 42 
 69	60	2	60 0 
 70	60	2	6 54 
 71	60	2	1 59 
 72	60	2	14 46 
 73	60	2	59 1 
 74	60	2	6 54 
 75	60	2	23 37 
 76	60	2	50 10 
 77	60	2	60 0 
 78	60	2	9 51 
 79	60	2	21 39 
 80	60	2	23 37 
 81	60	2	54 6 
 82	60	2	0 60 
 83	60	2	16 44 
 84	60	2	15 45 
 85	58	2	6 52 
 86	60	2	0 60 
 87	60	2	59 1 
 88	60	2	60 0 
 89	58	2	49 9 
 90	60	2	54 6 
 91	58	2	10 48 
 92	60	2	56 4 
 93	60	2	2 58 
 94	60	2	0 60 
 95	60	2	54 6 
 96	60	2	32 28 
 97	60	2	5 55 
 98	60	2	1 59 
 99	60	2	11 49 
 100	60	2	60 0 
 101	60	2	22 38 
 102	58	2	28 30 
 103	60	2	15 45 
 104	60	2	0 60 
 105	60	2	30 30 
 106	60	2	0 60 
 107	60	2	60 0 
 108	60	2	30 30 
 109	60	2	0 60 
 110	60	2	60 0 
 111	60	2	51 9 
 112	56	2	20 36 
 113	60	2	60 0 
 114	60	2	12 48 
 115	60	2	41 19 
 116	60	2	17 43 
 117	58	1	58 
 118	54	2	1 53 
 119	60	2	55 5 
 120	54	1	54 
 121	60	2	26 34 
 122	60	2	28 32 
 123	60	2	60 0 
 124	54	1	54 
 125	60	2	3 57 
 126	60	2	20 40 
 127	60	1	60 

[pop]=4
 1	56	2	18 38 
 2	56	2	56 0 
 3	58	2	55 3 
 4	58	2	52 6 
 5	58	2	8 50 
 6	58	1	58 
 7	56	2	30 26 
 8	58	2	18 40 
 9	58	2	58 0 
 10	56	2	13 43 
 11	58	2	38 20 
 12	58	2	0 58 
 13	54	2	54 0 
 14	58	2	11 47 
 15	58	2	38 20 
 16	58	2	41 17 
 17	58	2	0 58 
 18	58	2	18 40 
 19	58	2	14 44 
 20	58	2	56 2 
 21	58	2	24 34 
 22	58	2	53 5 
 23	58	2	58 0 
 24	58	2	58 0 
 25	58	2	53 5 
 26	48	2	39 9 
 27	56	2	40 16 
 28	58	2	43 15 
 29	56	2	17 39 
 30	56	2	4 52 
 31	58	2	5 53 
 32	58	2	18 40 
 33	56	2	16 40 
 34	52	2	8 44 
 35	58	2	58 0 
 36	58	2	26 32 
 37	56	2	16 40 
 38	58	2	3 55 
 39	58	2	3 55 
 40	58	2	53 5 
 41	52	2	23 29 
 42	58	2	48 10 
 43	58	2	15 43 
 44	58	2	35 23 
 45	58	2	58 0 
 46	58	2	0 58 
 47	58	2	58 0 
 48	58	2	58 0 
 49	58	2	0 58 
 50	58	2	0 58 
 51	58	2	45 13 
 52	56	2	54 2 
 53	56	2	56 0 
 54	58	2	41 17 
 55	58	2	58 0 
 56	54	2	52 2 
 57	58	2	44 14 
 58	58	2	3 55 
 59	58	2	49 9 
 60	58	2	58 0 
 61	58	2	58 0 
 62	58	2	54 4 
 63	58	2	26 32 
 64	58	2	58 0 
 65	58	2	0 58 
 66	58	2	35 23 
 67	58	2	41 17 
 68	58	2	21 37 
 69	58	2	58 0 
 70	58	2	10 48 
 71	58	2	0 58 
 72	58	2	11 47 
 73	54	2	54 0 
 74	54	2	4 50 
 75	58	2	24 34 
 76	58	2	51 7 
 77	58	2	58 0 
 78	58	2	7 51 
 79	58	2	19 39 
 80	58	2	29 29 
 81	58	2	56 2 
 82	58	2	0 58 
 83	58	2	9 49 
 84	56	2	16 40 
 85	56	2	3 53 
 86	58	2	0 58 
 87	58	2	56 2 
 88	58	2	58 0 
 89	58	2	50 8 
 90	58	2	54 4 
 91	58	2	6 52 
 92	58	2	54 4 
 93	58	2	2 56 
 94	58	2	0 58 
 95	58	2	54 4 
 96	58	2	28 30 
 97	58	2	3 55 
 98	58	2	6 52 
 99	58	2	6 52 
 100	58	2	58 0 
 101	58	2	20 38 
 102	58	2	31 27 
 103	58	2	19 39 
 104	58	2	1 57 
 105	58	2	32 26 
 106	58	2	0 58 
 107	58	2	58 0 
 108	58	2	30 28 
 109	58	2	0 58 
 110	58	2	58 0 
 111	58	2	44 14 
 112	54	2	10 44 
 113	58	2	58 0 
 114	58	2	11 47 
 115	58	2	39 19 
 116	58	2	18 40 
 117	58	1	58 
 118	54	2	2 52 
 119	58	2	57 1 
 120	52	1	52 
 121	58	2	32 26 
 122	58	2	22 36 
 123	58	2	58 0 
 124	54	1	54 
 125	58	2	5 53 
 126	58	2	18 40 
 127	58	1	58 

[pop]=5
 1	58	2	41 17 
 2	58	2	58 0 
 3	60	2	58 2 
 4	60	2	47 13 
 5	60	2	6 54 
 6	60	1	60 
 7	60	2	30 30 
 8	58	2	1 57 
 9	60	2	60 0 
 10	60	2	17 43 
 11	60	2	60 0 
 12	60	2	16 44 
 13	60	2	56 4 
 14	60	2	1 59 
 15	60	2	18 42 
 16	60	2	26 34 
 17	58	2	11 47 
 18	60	2	14 46 
 19	60	2	6 54 
 20	60	2	60 0 
 21	60	2	60 0 
 22	60	2	17 43 
 23	60	2	57 3 
 24	60	2	60 0 
 25	60	2	51 9 
 26	58	2	41 17 
 27	58	2	18 40 
 28	60	2	35 25 
 29	60	2	30 30 
 30	60	2	6 54 
 31	60	2	11 49 
 32	60	2	21 39 
 33	60	2	8 52 
 34	60	2	20 40 
 35	60	2	59 1 
 36	60	2	4 56 
 37	60	2	42 18 
 38	60	2	28 32 
 39	60	2	13 47 
 40	60	2	57 3 
 41	60	2	60 0 
 42	60	2	16 44 
 43	60	2	25 35 
 44	60	2	26 34 
 45	60	2	47 13 
 46	60	2	12 48 
 47	60	2	54 6 
 48	60	2	53 7 
 49	60	2	0 60 
 50	60	2	15 45 
 51	60	2	42 18 
 52	60	2	59 1 
 53	60	2	55 5 
 54	60	2	19 41 
 55	60	2	60 0 
 56	56	2	54 2 
 57	60	2	37 23 
 58	60	2	0 60 
 59	60	2	35 25 
 60	60	2	40 20 
 61	60	2	51 9 
 62	60	2	58 2 
 63	60	2	23 37 
 64	60	2	60 0 
 65	60	2	0 60 
 66	60	2	57 3 
 67	60	2	60 0 
 68	60	2	38 22 
 69	60	2	58 2 
 70	60	2	1 59 
 71	60	2	11 49 
 72	58	2	16 42 
 73	60	2	45 15 
 74	60	2	0 60 
 75	60	2	6 54 
 76	60	2	54 6 
 77	60	2	40 20 
 78	60	2	7 53 
 79	60	2	29 31 
 80	60	2	13 47 
 81	60	2	51 9 
 82	60	2	0 60 
 83	60	2	16 44 
 84	60	2	3 57 
 85	60	2	0 60 
 86	60	2	3 57 
 87	60	2	60 0 
 88	60	2	59 1 
 89	58	2	52 6 
 90	60	2	49 11 
 91	60	2	28 32 
 92	60	2	51 9 
 93	60	2	40 20 
 94	52	2	3 49 
 95	60	2	60 0 
 96	60	2	23 37 
 97	60	2	1 59 
 98	60	2	42 18 
 99	60	2	5 55 
 100	54	2	53 1 
 101	60	2	0 60 
 102	60	2	17 43 
 103	60	2	12 48 
 104	60	2	0 60 
 105	60	2	24 36 
 106	60	2	7 53 
 107	60	2	57 3 
 108	60	2	36 24 
 109	56	2	8 48 
 110	60	2	60 0 
 111	58	2	50 8 
 112	60	2	0 60 
 113	58	2	52 6 
 114	60	2	11 49 
 115	60	2	37 23 
 116	60	2	38 22 
 117	60	1	60 
 118	58	2	0 58 
 119	60	2	39 21 
 120	44	1	44 
 121	60	2	42 18 
 122	60	2	38 22 
 123	60	2	50 10 
 124	60	1	60 
 125	60	2	1 59 
 126	60	2	36 24 
 127	60	1	60 

[pop]=6
 1	44	2	41 3 
 2	44	2	44 0 
 3	44	2	44 0 
 4	44	2	44 0 
 5	44	2	0 44 
 6	44	1	44 
 7	44	2	22 22 
 8	44	2	2 42 
 9	44	2	29 15 
 10	44	2	20 24 
 11	42	2	42 0 
 12	44	2	4 40 
 13	44	2	42 2 
 14	44	2	0 44 
 15	44	2	21 23 
 16	44	2	36 8 
 17	44	2	14 30 
 18	44	2	4 40 
 19	44	2	11 33 
 20	44	2	44 0 
 21	44	2	44 0 
 22	44	2	11 33 
 23	44	2	30 14 
 24	44	2	44 0 
 25	44	2	29 15 
 26	44	2	13 31 
 27	44	2	18 26 
 28	44	2	40 4 
 29	40	2	28 12 
 30	44	2	22 22 
 31	42	2	25 17 
 32	44	2	2 42 
 33	44	2	12 32 
 34	44	2	43 1 
 35	44	2	17 27 
 36	44	2	14 30 
 37	44	2	5 39 
 38	44	2	17 27 
 39	44	2	11 33 
 40	44	2	39 5 
 41	44	2	44 0 
 42	44	2	11 33 
 43	44	2	9 35 
 44	44	2	34 10 
 45	42	2	38 4 
 46	44	2	22 22 
 47	44	2	40 4 
 48	44	2	42 2 
 49	44	2	0 44 
 50	44	2	0 44 
 51	44	2	41 3 
 52	44	2	28 16 
 53	44	2	41 3 
 54	44	2	18 26 
 55	44	2	44 0 
 56	44	2	37 7 
 57	44	2	44 0 
 58	44	2	0 44 
 59	44	2	21 23 
 60	44	2	31 13 
 61	44	2	12 32 
 62	44	2	37 7 
 63	44	2	11 33 
 64	44	2	44 0 
 65	44	2	0 44 
 66	44	2	24 20 
 67	44	2	35 9 
 68	44	2	19 25 
 69	44	2	33 11 
 70	44	2	9 35 
 71	44	2	13 31 
 72	44	2	1 43 
 73	44	2	27 17 
 74	44	2	0 44 
 75	44	2	0 44 
 76	44	2	30 14 
 77	44	2	42 2 
 78	44	2	0 44 
 79	44	2	7 37 
 80	44	2	10 34 
 81	44	2	44 0 
 82	44	2	0 44 
 83	44	2	4 40 
 84	44	2	6 38 
 85	44	2	0 44 
 86	44	2	0 44 
 87	44	2	44 0 
 88	44	2	43 1 
 89	44	2	18 26 
 90	44	2	19 25 
 91	44	2	16 28 
 92	44	2	38 6 
 93	44	2	25 19 
 94	44	2	6 38 
 95	44	2	42 2 
 96	44	2	26 18 
 97	44	2	0 44 
 98	44	2	23 21 
 99	44	2	0 44 
 100	44	2	43 1 
 101	44	2	1 43 
 102	44	2	6 38 
 103	44	2	29 15 
 104	44	2	0 44 
 105	44	2	21 23 
 106	44	2	0 44 
 107	44	2	44 0 
 108	44	2	25 19 
 109	44	2	41 3 
 110	44	2	42 2 
 111	42	2	42 0 
 112	44	2	5 39 
 113	44	2	42 2 
 114	44	2	19 25 
 115	44	2	41 3 
 116	44	2	8 36 
 117	44	1	44 
 118	44	2	0 44 
 119	44	2	16 28 
 120	32	1	32 
 121	44	2	19 25 
 122	44	2	28 16 
 123	44	2	30 14 
 124	44	1	44 
 125	44	2	5 39 
 126	44	2	3 41 
 127	44	1	44 

[pop]=7
 1	60	2	53 7 
 2	60	2	60 0 
 3	58	2	58 0 
 4	54	2	50 4 
 5	60	2	0 60 
 6	60	1	60 
 7	60	2	31 29 
 8	60	2	0 60 
 9	60	2	44 16 
 10	60	2	36 24 
 11	52	2	52 0 
 12	60	2	0 60 
 13	60	2	60 0 
 14	60	2	0 60 
 15	60	2	18 42 
 16	56	2	33 23 
 17	60	2	23 37 
 18	60	2	15 45 
 19	60	2	1 59 
 20	54	2	54 0 
 21	60	2	60 0 
 22	60	2	5 55 
 23	60	2	31 29 
 24	60	2	60 0 
 25	58	2	30 28 
 26	58	2	8 50 
 27	56	2	9 47 
 28	60	2	49 11 
 29	54	2	18 36 
 30	60	2	50 10 
 31	58	2	40 18 
 32	60	2	1 59 
 33	58	2	27 31 
 34	60	2	56 4 
 35	56	2	22 34 
 36	60	2	15 45 
 37	50	2	19 31 
 38	58	2	40 18 
 39	52	2	13 39 
 40	60	2	60 0 
 41	60	2	60 0 
 42	60	2	7 53 
 43	60	2	27 33 
 44	52	2	37 15 
 45	56	2	44 12 
 46	60	2	46 14 
 47	60	2	59 1 
 48	60	2	53 7 
 49	60	2	0 60 
 50	60	2	0 60 
 51	60	2	60 0 
 52	58	2	32 26 
 53	60	2	60 0 
 54	58	2	11 47 
 55	60	2	60 0 
 56	54	2	54 0 
 57	60	2	54 6 
 58	60	2	3 57 
 59	60	2	32 28 
 60	60	2	48 12 
 61	60	2	23 37 
 62	60	2	57 3 
 63	60	2	9 51 
 64	58	2	58 0 
 65	60	2	0 60 
 66	60	2	28 32 
 67	60	2	59 1 
 68	58	2	30 28 
 69	60	2	55 5 
 70	60	2	16 44 
 71	60	2	26 34 
 72	60	2	5 55 
 73	54	2	28 26 
 74	60	2	0 60 
 75	60	2	0 60 
 76	60	2	59 1 
 77	58	2	51 7 
 78	60	2	0 60 
 79	60	2	9 51 
 80	60	2	25 35 
 81	60	2	60 0 
 82	60	2	0 60 
 83	60	2	0 60 
 84	54	2	23 31 
 85	60	2	0 60 
 86	60	2	0 60 
 87	60	2	60 0 
 88	60	2	60 0 
 89	60	2	35 25 
 90	60	2	33 27 
 91	60	2	23 37 
 92	60	2	40 20 
 93	60	2	27 33 
 94	58	2	15 43 
 95	60	2	60 0 
 96	60	2	54 6 
 97	60	2	0 60 
 98	60	2	9 51 
 99	60	2	0 60 
 100	58	2	58 0 
 101	60	2	0 60 
 102	60	2	33 27 
 103	60	2	37 23 
 104	58	2	0 58 
 105	60	2	5 55 
 106	60	2	0 60 
 107	60	2	58 2 
 108	60	2	32 28 
 109	60	2	60 0 
 110	60	2	60 0 
 111	38	2	36 2 
 112	60	2	0 60 
 113	60	2	60 0 
 114	60	2	37 23 
 115	58	2	49 9 
 116	60	2	15 45 
 117	60	1	60 
 118	56	2	0 56 
 119	60	2	57 3 
 120	46	1	46 
 121	60	2	28 32 
 122	60	2	14 46 
 123	60	2	46 14 
 124	60	1	60 
 125	60	2	5 55 
 126	60	2	1 59 
 127	60	1	60 


